bin,2010-12-28,2010-12-29,2010-12-30
1,0.0,0.0,0.0
2,0.0,0.0,0.0
3,0.0,0.0,0.0
4,0.0,0.0,0.0
5,0.0,0.0,0.0
6,0.0,0.0,0.0
7,0.0,0.0,0.0
8,0.0,0.0,0.0
9,0.0,0.0,0.0
10,0.0,0.0,0.0
11,0.0,0.0,0.0
12,0.0611090439065371,0.0611091504414547,0.06110908410705746
13,0.011111111118671722,0.011111111132838794,0.011111111129347621
14,0.0,0.0,0.0
15,0.0,0.0,0.0
16,0.0,0.0,0.0
17,0.0,0.0,0.0
18,0.0,0.0,0.0
19,0.0,0.0,0.0
20,0.06111353247174232,0.061112656600323195,0.061112248793607736
21,0.02777766493156937,0.011111111111111203,0.011111111111111186
22,0.011111120843505535,0.011111123914806417,0.01111112203216624
23,0.0,0.0,0.0
24,0.0,0.0,0.0
25,0.0,0.0,0.0
26,0.0,0.0,0.0
27,0.0,0.0,0.0
28,0.0,0.0,0.0
29,0.04999796280790739,0.04999817838249402,0.04999815264888834
30,0.01666657006065274,0.016666553982682422,0.01666655341793233
31,0.00555565462544934,0.0055556590306968506,0.005555644238721647
32,0.0,0.0,0.0
33,0.0,0.0,0.0
34,0.0,0.0,0.0
35,0.0,0.0,0.0
36,0.0,0.0,0.0
37,0.0,0.0,0.0
38,0.0,0.0,0.0
39,0.049996714052547235,0.049997074482021744,0.04999702983138806
40,0.049999792824449864,0.04999977269166075,0.04999977093393562
41,0.00555565462544934,0.0055556590306968506,0.005555644238721647
42,0.0388893510597539,0.0388892307914331,0.03888910271736612
43,0.005555555555630059,0.005555555555871992,0.005555555555819013
44,0.0,0.0,0.0
45,0.0,0.0,0.0
46,0.0111110981427367,0.011111092103980829,0.011111092142215288
47,0.011111110154685386,0.011111109342848672,0.011111109296199453
48,0.0,0.0,0.0
49,0.0,0.0,0.0
50,0.0,0.0,0.0
51,0.033332384101290455,0.033332390821368844,0.0333323813789374
52,0.022221688378159844,0.02222166003549486,0.02222165538703215
53,0.01111111271081045,0.01111111380975987,0.011111113401197992
54,0.011111111101214401,0.011111111081457039,0.005555555555628167
55,0.07222146565147988,0.0666658837026863,0.06666577806689412
56,0.005555613550955782,0.00555561944406155,0.005555610250875155
57,0.005555555558200977,0.005555555563432804,0.005555555562162253
58,0.011111112189433767,0.011111112199347437,0.011111111603653396
59,0.005555555555599169,0.0055555555557509325,0.005555555555718043
60,0.0,0.0,0.0
61,0.0,0.0,0.0
62,0.02777570369759122,0.0277760080539333,0.027775968335250038
63,0.03333195054426248,0.03333199658416632,0.033331982181438534
64,0.0444430204508861,0.04444308454565307,0.04444302691693071
65,0.1111031746794444,0.11110408920410496,0.11110398584377291
66,0.13889330759152538,0.1388914663564669,0.13889059043500693
67,0.16666281076007664,0.16666291401723946,0.16666266468376081
68,0.083331688395566,0.08333178095819548,0.08333166947092623
69,0.0,0.0,0.0
70,0.0055555555571041824,0.005555555560419194,0.005555555559630234
71,0.0,0.0,0.0
72,0.0,0.0,0.0
73,0.0,0.0,0.0
74,0.0,0.0,0.0
75,0.0,0.0,0.0
76,0.03888693404044589,0.0388871421004107,0.03888696595200474
77,0.03333087963146387,0.03333122500247455,0.033331190857092935
78,0.09999720104339455,0.0999973323644012,0.09999725440075145
79,0.13333993421592294,0.12222681904296111,0.12222576397502108
80,0.04444230865320598,0.03888832289776965,0.027776945705292863
81,0.055557601814791385,0.05000129313423288,0.050000952122554475
82,0.005555555555630059,0.005555555555871992,0.005555555555819013
83,0.005555555555555615,0.005555555555556067,0.005555555555555975
84,0.0,0.0,0.0
85,0.0,0.0,0.0
86,0.0,0.0,0.0
87,0.005555555555555556,0.005555555555555557,0.0
88,0.011111210181004633,0.011111214586250187,0.011111199794275087
89,0.022222346273648403,0.016666780365653482,0.01666676003098205
90,0.049997675306025946,0.04444206124904421,0.04444202793481358
91,0.027777987068171802,0.02777794437394574,0.027777875940987212
92,0.033333113939306935,0.03333314536645468,0.03333311987103446
93,0.03888811032056026,0.03888815633469719,0.038888147931128304
94,0.005555555555555556,0.005555555555555562,0.00555555555555556
95,0.0,0.0,0.0
96,0.022222222192470855,0.022222222139826622,0.022222222141031502
97,0.049998488188940225,0.04999855800373259,0.044443572266355924
98,0.022222221769529777,0.02222222122848472,0.022222221242808624
99,0.0,0.0,0.0
100,0.0,0.0,0.0
101,0.0,0.0,0.0
102,0.0,0.0,0.0
103,0.0,0.0,0.0
104,0.0,0.0,0.0
105,0.0055555555600745625,0.00555555556831371,0.0055555555662676745
106,0.016666678055359974,0.016666682458579756,0.01666668011943264
107,0.0,0.0,0.0
108,0.049999945891329285,0.049999928990931544,0.04999992477195161
109,0.005555555555662021,0.005555555555991966,0.005555555555919168
110,0.011111110839066117,0.016670218771264244,0.016669735600306455
111,0.0,0.0,0.0
112,0.0,0.0,0.0
113,0.016664784257898434,0.01666501793605536,0.01666499032048477
114,0.0,0.0,0.0
115,0.0,0.0,0.0
116,0.011111169106001849,0.016670248816009134,0.01666975639846402
117,0.0,0.0,0.0
118,0.0,0.0,0.0
119,0.0,0.0,0.0
120,0.027777777776125927,0.027777777771662224,0.02777777777163372
121,0.005555555582483515,0.0055555556192105025,0.005555555609198442
122,0.0333325445685109,0.03333267028062105,0.03333263720696671
123,0.0,0.0,0.0
124,0.0,0.0,0.0
125,0.00555555562128859,0.005555555697740732,0.005555555675596807
126,0.0,0.0,0.0
127,0.0,0.0,0.0
128,0.0,0.0,0.0
129,0.0,0.0,0.0
130,0.0,0.0,0.0
131,0.022221252555625893,0.02222126348551287,0.022221253809082072
132,0.038888197349222886,0.038888168994830816,0.03888816283125468
133,0.005555555555772961,0.005555555556385622,0.005555555556248173
134,0.0,0.0,0.0
135,0.01111151572043801,0.016670394499312582,0.01666985436926412
136,0.0,0.0,0.0
137,0.005555555555555762,0.005555555555557129,0.00555555555555685
138,0.011111111049313796,0.011111110957428103,0.011111110959932217
139,0.0,0.0,0.0
140,0.0,0.0,0.0
141,0.0,0.0,0.0
142,0.0,0.0,0.0
143,0.0,0.0,0.0
144,0.0,0.0,0.0
145,0.0,0.0,0.0
146,0.0,0.0,0.0
147,0.0,0.0,0.0
148,0.0,0.0,0.0
149,0.016664181349862275,0.016664448097222877,0.016664418263940266
150,0.022220903720811844,0.022221096528817243,0.022221074740307954
151,0.016666678061678455,0.016666682478946256,0.01666668013927492
152,0.03333226566871567,0.03333223639799518,0.0333322265828444
153,0.0,0.0,0.0
154,0.011111169106511328,0.011111174999616991,0.011111165806430604
155,0.0,0.0,0.0
156,0.0,0.0,0.0
157,0.0,0.0,0.0
158,0.0,0.0,0.0
159,0.0,0.0,0.0
160,0.0,0.0,0.0
161,0.011111111268266662,0.011111111445066725,0.011111111393159864
162,0.0,0.0,0.0
163,0.0,0.0,0.0
164,0.0,0.0,0.0
165,0.0,0.0,0.0
166,0.0,0.0,0.0
167,0.0,0.0,0.0
168,0.0,0.0,0.0
169,0.0,0.0,0.0
170,0.0,0.0,0.0
171,0.0,0.0,0.0
172,0.0,0.0,0.0
173,0.0,0.0,0.0
174,0.0888830980847265,0.08888366432083483,0.08888359237537076
175,0.005555555556851035,0.005555555559697048,0.005555555559023959
176,0.02222902570398117,0.022226923901569502,0.02222592970508202
177,0.0,0.0,0.0
178,0.0,0.0,0.0
179,0.011111111111111353,0.011111111111113054,0.011111111111112707
180,0.0,0.0,0.0
181,0.0,0.0,0.0
182,0.0,0.0,0.0
183,0.0,0.0,0.0
184,0.0,0.0,0.0
185,0.0,0.0,0.0
186,0.0,0.0,0.0
187,0.0,0.0,0.0
188,0.0,0.0,0.0
189,0.0,0.0,0.0
190,0.0,0.0,0.0
191,0.0,0.0,0.0
192,0.0,0.0,0.0
193,0.0,0.0,0.0
194,0.0,0.0,0.0
195,0.0,0.0,0.0
196,0.01111111111111828,0.011111111111152287,0.01111111111114518
197,0.0,0.0,0.0
198,0.061109608768009735,0.05555405772360756,0.05555403145016582
199,0.005555555555555584,0.005555555555555825,0.005555555555555776
200,0.03332937279231697,0.03332964063307717,0.03332959615313444
201,0.005555555555558064,0.005555555555570484,0.005555555555567898
202,0.011111117791932155,0.01111112009465885,0.011111118728424707
203,0.0,0.0,0.0
204,0.0,0.0,0.0
205,0.0,0.0,0.0
206,0.0,0.0,0.0
207,0.0,0.0,0.0
208,0.0,0.0,0.0
209,0.0,0.0,0.0
210,0.0,0.0,0.0
211,0.0,0.0,0.0
212,0.0,0.0,0.0
213,0.0,0.0,0.0
214,0.0,0.0,0.0
215,0.0,0.0,0.0
216,0.0,0.0,0.0
217,0.0,0.0,0.0
218,0.03333153276854018,0.033331697220428246,0.03333167617041131
219,0.01666666677793889,0.016666666871938796,0.016666666831604296
220,0.04444319431013129,0.04444326477095481,0.04444323577177625
221,0.005555555594035598,0.005555555643344742,0.005555555629590966
222,0.005555555555555556,0.0055555555555555575,0.005555555555555557
223,0.005555561253063121,0.005555563461706798,0.005555562291870578
224,0.0,0.0,0.0
225,0.005555555555570502,0.005555555555630037,0.005555555555617363
226,0.0,0.0,0.0
227,0.0,0.0,0.0
228,0.0,0.0,0.0
229,0.0,0.0,0.0
230,0.0,0.0,0.0
231,0.0,0.0,0.0
232,0.0,0.0,0.0
233,0.0,0.0,0.0
234,0.0,0.0,0.0
235,0.0,0.0,0.0
236,0.0,0.0,0.0
237,0.0,0.0,0.0
238,0.0,0.0,0.0
239,0.0,0.0,0.0
240,0.0,0.0,0.0
241,0.0,0.0,0.0
242,0.011111111129567093,0.011111111159643935,0.0111111111519205
243,0.04444388546324011,0.04444387558673025,0.04444387019614355
244,0.022221941047557273,0.022221954010379533,0.022221934523071783
245,0.05000030243438851,0.05000026770396919,0.05000012286264773
246,0.022223225663861434,0.02222305083328289,0.022222933060554163
247,0.005555555829657474,0.0055555560699423094,0.005555555991107456
248,0.016666669703312268,0.016666670662492774,0.016666669825991492
249,0.0,0.0,0.0
250,0.0,0.0,0.0
251,0.0,0.0,0.0
252,0.0,0.0,0.0
253,0.0,0.0,0.0
254,0.0,0.0,0.0
255,0.0,0.0,0.0
256,0.0,0.0,0.0
257,0.0,0.0,0.0
258,0.0,0.0,0.0
259,0.0,0.0,0.0
260,0.0,0.0,0.0
261,0.0,0.0,0.0
262,0.0,0.0,0.0
263,0.0,0.0,0.0
264,0.0,0.0,0.0
265,0.0,0.0,0.0
266,0.0,0.0,0.0
267,0.005555555555570502,0.005555555555630037,0.005555555555617363
268,0.016666621487926362,0.016666610628645686,0.0166666104177275
269,0.011111111020923764,0.011111110894123111,0.011111110897849712
270,0.044443625160396634,0.044443703176432814,0.044443669881985205
271,0.027778374936430778,0.027778230562390555,0.027778123427332935
272,0.0,0.0,0.0
273,0.0,0.0,0.0
274,0.0,0.0,0.0
275,0.011111111111111113,0.011111111111111125,0.011111111111111122
276,0.0,0.0,0.0
277,0.0,0.0,0.0
278,0.0,0.0,0.0
279,0.0,0.0,0.0
280,0.0,0.0,0.0
281,0.0,0.0,0.0
282,0.0,0.0,0.0
283,0.0,0.0,0.0
284,0.0,0.0,0.0
285,0.0,0.0,0.0
286,0.0,0.0,0.0
287,0.0,0.0,0.0
288,0.0,0.0,0.0
289,0.0,0.0,0.0
290,0.022220600276001038,0.016666659934609217,0.011111101356529112
291,0.022222510326314067,0.02222249177727594,0.022222453506179848
292,0.03333339281318307,0.038892475165682866,0.03889195253662136
293,0.033330300254536704,0.03333082593692415,0.03333075171133435
294,0.033333160534407914,0.03333314816537528,0.03333314674604421
295,0.01666666679448677,0.016666666938599885,0.016666666894657817
296,0.016666785077749154,0.016666788133748417,0.016666770801258723
297,0.022220602818845574,0.022220853266066112,0.02222083251385524
298,0.0,0.0,0.0
299,0.0,0.0,0.0
300,0.0,0.0,0.0
301,0.0,0.0,0.0
302,0.0,0.0,0.0
303,0.0,0.0,0.0
304,0.0,0.0,0.0
305,0.0,0.0,0.0
306,0.0,0.0,0.0
307,0.0,0.0,0.0
308,0.0,0.0,0.0
309,0.0,0.0,0.0
310,0.0,0.0,0.0
311,0.0,0.0,0.0
312,0.0,0.0,0.0
313,0.0,0.0,0.0
314,0.005555555555555576,0.00555555555555575,0.005555555555555715
315,0.07777746507913283,0.07777722460653061,0.07777696941463619
316,0.005555555555557311,0.00555555555556638,0.005555555555564498
317,0.011111029450032603,0.005555555555555584,0.005555555555555579
318,0.03333234215351602,0.03333237647641077,0.03333235647853634
319,0.005555555555555557,0.005555555555555566,0.0055555555555555644
320,0.005555613550955782,0.00555561944406155,0.005555610250875155
321,0.011111111578435773,0.011111111940770978,0.011111111813972068
322,0.0,0.0,0.0
323,0.0,0.0,0.0
324,0.0,0.0,0.0
325,0.0,0.0,0.0
326,0.005555555587745445,0.005555555630309927,0.00555555561857518
327,0.0,0.0,0.0
328,0.0,0.0,0.0
329,0.0,0.0,0.0
330,0.0,0.0,0.0
331,0.0,0.0,0.0
332,0.0,0.0,0.0
333,0.0,0.0,0.0
334,0.0,0.0,0.0
335,0.0,0.0,0.0
336,0.0,0.0,0.0
337,0.06111872370632977,0.06111650388365374,0.061115584542484426
338,0.06111308079581984,0.06111225768417067,0.061111817206101905
339,0.005555555555644617,0.005555555555927168,0.005555555555865066
340,0.016665385295457642,0.016665505378801942,0.01666549042805467
341,0.0166666775482711,0.01666668020105288,0.016666678010257164
342,0.0,0.0,0.0
343,0.011110755222386429,0.011110736328034703,0.011110733229205683
344,0.0,0.0,0.0
345,0.0,0.0,0.0
346,0.0,0.0,0.0
347,0.0,0.0,0.0
348,0.0,0.0,0.0
349,0.0,0.0,0.0
350,0.0,0.0,0.0
351,0.0,0.0,0.0
352,0.0,0.0,0.0
353,0.0,0.0,0.0
354,0.0,0.0,0.0
355,0.0,0.0,0.0
356,0.0,0.0,0.0
357,0.011111111111111604,0.011111111111114806,0.011111111111114153
358,0.0,0.0,0.0
359,0.0,0.0,0.0
360,0.0,0.0,0.0
361,0.0,0.0,0.0
362,0.005559073287000131,0.00555813142985347,0.005557779452666225
363,0.02222222273710917,0.02222222308017677,0.02222222293391044
364,0.011111043174767361,0.011111026709636814,0.011111026446685827
365,0.022222212441111496,0.022222207146638848,0.022222207183686414
366,0.02778781485874159,0.027785027449862432,0.02778396564028762
367,0.005555555555556415,0.0055555555555612465,0.005555555555560251
368,0.0,0.0,0.0
369,0.016669548788813108,0.016668973053970207,0.01666865425293414
370,0.01666666392330341,0.016666661838990446,0.016666661874771366
371,0.03333178191206279,0.03333192190111573,0.03889126936431015
372,0.0,0.0,0.0
373,0.0,0.0,0.0
374,0.0,0.0,0.0
375,0.0,0.0,0.0
376,0.0,0.0,0.0
377,0.0,0.0,0.0
378,0.0,0.0,0.0
379,0.0,0.0,0.0
380,0.0,0.0,0.0
381,0.0,0.0,0.0
382,0.0,0.0,0.0
383,0.0,0.0,0.0
384,0.0,0.0,0.0
385,0.0,0.0,0.0
386,0.0,0.0,0.0
387,0.016666652282049433,0.016666645194055734,0.016666645249176496
388,0.0,0.0,0.0
389,0.005555555594035598,0.005555555643344742,0.005555555629590966
390,0.0,0.0,0.0
391,0.01666658560089616,0.016666564973181426,0.01666656469132026
392,0.04999705991206933,0.049997499611953725,0.04999745855259425
393,0.04999593232554188,0.04999602698126597,0.04999569263816912
394,0.011111064091767391,0.011111050510559774,0.01111105039095314
395,0.011111138927141499,0.011111146430832823,0.011111141259961706
396,0.01666666666991781,0.016666666677246374,0.01666666667552368
397,0.011111111553906509,0.011111111763386958,0.011111111596214128
398,0.03333456477054147,0.027778888314276905,0.027778730605735845
399,0.016666666692948306,0.016666666733147418,0.016666666722554572
400,0.0,0.0,0.0
401,0.0,0.0,0.0
402,0.0,0.0,0.0
403,0.0,0.0,0.0
404,0.0,0.0,0.0
405,0.0,0.0,0.0
406,0.0,0.0,0.0
407,0.0055555555555559764,0.005555555555558548,0.005555555555558021
408,0.0,0.0,0.0
409,0.0,0.0,0.0
410,0.0,0.0,0.0
411,0.0,0.0,0.0
412,0.0,0.0,0.0
413,0.0,0.0,0.0
414,0.0,0.0,0.0
415,0.01111111111111283,0.011111111111122493,0.011111111111120502
416,0.02222243889815264,0.02222242170702104,0.022222388100488145
417,0.011111111111111122,0.011111111111111219,0.0111111111111112
418,0.09444797985165894,0.09444681018945089,0.09444616635330548
419,0.0499982280260111,0.049998416580317694,0.04999836598488533
420,0.0166649464415678,0.01666507363164436,0.016665054048120725
421,0.03888776408369231,0.03888790430217819,0.03888787486834931
422,0.011111122745648133,0.011111126148860213,0.011111123942600729
423,0.0,0.0,0.0
424,0.055554028526916814,0.05555403500277077,0.05555400035041098
425,0.0,0.0,0.0
426,0.0,0.0,0.0
427,0.0,0.0,0.0
428,0.0,0.0,0.0
429,0.0,0.0,0.0
430,0.0,0.0,0.0
431,0.0,0.0,0.0
432,0.0,0.0,0.0
433,0.0,0.0,0.0
434,0.0,0.0,0.0
435,0.0,0.0,0.0
436,0.0,0.0,0.0
437,0.0,0.0,0.0
438,0.0,0.0,0.0
439,0.0,0.0,0.0
440,0.0,0.0,0.0
441,0.005555559542615931,0.005555561288216472,0.005555560436400809
442,0.0,0.0,0.0
443,0.01111111111111255,0.011111111111120803,0.011111111111119103
444,0.0,0.0,0.0
445,0.07777578598576801,0.07777595053600685,0.077775840255312
446,0.05555575843883156,0.055555374269310655,0.05555513549239209
447,0.049995900705720506,0.04999602906182486,0.04999598603801377
448,0.022222222356192138,0.022222222491496864,0.02222222244975556
449,0.016666691091874266,0.016666699377773278,0.0166666945581103
450,0.0,0.0,0.0
451,0.016666393441423337,0.016666362638101524,0.01666636064737741
452,0.005555557889576047,0.005555559095064048,0.005555558565815594
453,0.0,0.0,0.0
454,0.0,0.0,0.0
455,0.0,0.0,0.0
456,0.0,0.0,0.0
457,0.0,0.0,0.0
458,0.0,0.0,0.0
459,0.0,0.0,0.0
460,0.0,0.0,0.0
461,0.0,0.0,0.0
462,0.0,0.0,0.0
463,0.0,0.0,0.0
464,0.011111111111125749,0.011111111111189429,0.011111111111176008
465,0.02777517611221071,0.02777557348855177,0.027775540283325635
466,0.005555555562013214,0.005555555573150857,0.005555555570339923
467,0.0,0.0,0.0
468,0.005555555555555851,0.005555555555557725,0.005555555555557342
469,0.11666220235064086,0.12222191675709503,0.12222131369668199
470,0.011111084038035905,0.011111074241808815,0.011111074232078555
471,0.005555555555555556,0.0055555555555555575,0.005555555555555557
472,0.044443088753434584,0.044443148729754384,0.044443129736326935
473,0.016666660934145483,0.016666657286040575,0.005555555555555912
474,0.0,0.0,0.0
475,0.0,0.0,0.0
476,0.0,0.0,0.0
477,0.0,0.0,0.0
478,0.0,0.0,0.0
479,0.0,0.0,0.0
480,0.0,0.0,0.0
481,0.0,0.0,0.0
482,0.0,0.0,0.0
483,0.0,0.0,0.0
484,0.0,0.0,0.0
485,0.0,0.0,0.0
486,0.0,0.0,0.0
487,0.0,0.0,0.0
488,0.03333333329516271,0.033333333223021865,0.03333333322551669
489,0.011111111111111604,0.011111111111114806,0.011111111111114153
490,0.0,0.0,0.0
491,0.038890163938331106,0.038889875368854125,0.03888970739114965
492,0.06666758040692743,0.06666719745717349,0.06666688173895684
493,0.011111110290404437,0.011111109526748705,0.011111109543379832
494,0.03333268728593522,0.03333271471237605,0.033332640561305096
495,0.01666700513293686,0.01666700183587947,0.016666954237502526
496,0.0,0.0,0.0
497,0.0,0.0,0.0
498,0.0,0.0,0.0
499,0.0,0.0,0.0
500,0.0,0.0,0.0
501,0.0,0.0,0.0
502,0.0,0.0,0.0
503,0.0,0.0,0.0
504,0.0,0.0,0.0
505,0.0,0.0,0.0
506,0.0,0.0,0.0
507,0.0055555555647835465,0.0055555555798219676,0.00555555557596025
508,0.022230681871915646,0.02222827322693633,0.0222274011260683
509,0.033333191743085494,0.03333316995196946,0.0333331689473662
510,0.038886060723846844,0.03888633014037095,0.03333097330354535
511,0.049997486691868515,0.0388860614193648,0.038886021870072604
512,0.06666474422341039,0.06666490822276543,0.061109421115168705
513,0.033333075077753016,0.033333102808727665,0.03333298954854168
514,0.07777811434697017,0.07777778686669161,0.07777752270745347
515,0.0388871350282991,0.03888711229118204,0.0388870955715214
516,0.0,0.0,0.0
517,0.0,0.0,0.0
518,0.0,0.0,0.0
519,0.0,0.0,0.0
520,0.0,0.0,0.0
521,0.0,0.0,0.0
522,0.0,0.0,0.0
523,0.0,0.0,0.0
524,0.0,0.0,0.0
525,0.022222254789165688,0.022222265837031036,0.022222259410813735
526,0.03333325918491963,0.03333325155889661,0.03333324405992177
527,0.02777628153584436,0.027776416212303392,0.027776383221871804
528,0.1277793257900751,0.12777832988912033,0.12777772407375035
529,0.0611090187789363,0.06110925418181821,0.061109221809738774
530,0.04444281687768179,0.044442938847284355,0.044442920468643926
531,0.011111111120149125,0.01111111113662742,0.011111111132535349
532,0.01666666623323665,0.016666665751742308,0.01666666576275464
533,0.005555555555555556,0.005555555555555559,0.01667387833443937
534,0.0,0.0,0.0
535,0.0,0.0,0.0
536,0.0,0.0,0.0
537,0.0,0.0,0.0
538,0.0,0.0,0.0
539,0.0,0.0,0.0
540,0.0,0.0,0.0
541,0.01111111054417606,0.01111110997705524,0.011111109989704524
542,0.011111169106342566,0.011111174998863705,0.0111111658057012
543,0.016669077662065112,0.01666863060600868,0.01666835851970609
544,0.016666666666667405,0.016666666666672207,0.016666666666671225
545,0.016670184395283453,0.016669242531407183,0.016668890553700137
546,0.016666381455839503,0.016666371741695055,0.016666369135609132
547,0.027777705001919343,0.022222146096483018,0.022222138145793463
548,0.0,0.0,0.0
549,0.0,0.0,0.0
550,0.0,0.0,0.0
551,0.0,0.0,0.0
552,0.0,0.0,0.0
553,0.0,0.0,0.0
554,0.0,0.0,0.0
555,0.0,0.0,0.0
556,0.0,0.0,0.0
557,0.0277750336384534,0.02777539725055386,0.02777536346653779
558,0.0,0.0,0.0
559,0.05555516755476742,0.05555516625187724,0.05555514298916119
560,0.00555555555555564,0.00555555555555626,0.005555555555556134
561,0.038887872103146655,0.038887818129871334,0.0388878092752114
562,0.011111802279770757,0.011111748635857165,0.011111658904656348
563,0.0,0.0,0.0
564,0.0,0.0,0.0
565,0.0,0.0,0.0
566,0.0,0.0,0.0
567,0.0,0.0,0.0
568,0.03888930349725864,0.03888920825618956,0.03888909950323575
569,0.0,0.0,0.0
570,0.0,0.0,0.0
571,0.022222006041324002,0.022221997083398698,0.0222219950317916
572,0.07222077709310602,0.0722208902186724,0.07222085288731925
573,0.011111111111115308,0.011111111111136534,0.011111111111132124
574,0.0,0.0,0.0
575,0.0,0.0,0.0
576,0.0,0.0,0.0
577,0.022222255424264637,0.02222226356562872,0.02222225750878391
578,0.0,0.0,0.0
579,0.0,0.0,0.0
580,0.0,0.0,0.0
581,0.0,0.0,0.0
582,0.0,0.0,0.0
583,0.038888868266063456,0.03888885833713132,0.03888885324192743
584,0.011111106813269576,0.01111110408051397,0.011111104117820007
585,0.0,0.0,0.0
586,0.01111111111111128,0.01111111111111252,0.011111111111112269
587,0.0,0.0,0.0
588,0.0,0.0,0.0
589,0.0,0.0,0.0
590,0.0,0.0,0.0
591,0.0,0.0,0.0
592,0.0,0.0,0.0
593,0.0,0.0,0.0
594,0.0,0.0,0.0
595,0.0,0.0,0.0
596,0.0,0.0,0.0
597,0.0,0.0,0.0
598,0.0,0.0,0.0
599,0.0,0.0,0.0
600,0.0,0.0,0.0
601,0.0,0.0,0.0
602,0.0,0.0,0.0
603,0.0,0.0,0.0
604,0.0,0.0,0.0
605,0.0,0.0,0.0
606,0.0,0.0,0.0
607,0.0,0.0,0.0
608,0.0,0.0,0.0
609,0.0,0.0,0.0
610,0.0,0.0,0.0
611,0.0,0.0,0.0
612,0.0,0.0,0.0
613,0.0,0.0,0.0
614,0.0,0.0,0.0
615,0.0,0.0,0.0
616,0.0,0.0,0.0
617,0.0,0.0,0.0
618,0.0,0.0,0.0
619,0.0,0.0,0.0
620,0.0,0.0,0.0
621,0.0,0.0,0.0
622,0.0,0.0,0.0
623,0.0,0.0,0.0
624,0.0,0.0,0.0
625,0.005555555555555558,0.005555555555555584,0.005555555555555579
626,0.0,0.0,0.0
627,0.0,0.0,0.0
628,0.0,0.0,0.0
629,0.0,0.0,0.0
630,0.0,0.0,0.0
631,0.0,0.0,0.0
632,0.0,0.0,0.0
633,0.0,0.0,0.0
634,0.0,0.0,0.0
635,0.0,0.0,0.0
636,0.0,0.0,0.0
637,0.0,0.0,0.0
638,0.0,0.0,0.0
639,0.0,0.0,0.0
640,0.0,0.0,0.0
641,0.0,0.0,0.0
642,0.0,0.0,0.0
643,0.0,0.0,0.0
644,0.005555562366399975,0.005555564840291348,0.005555563469373656
645,0.0,0.0,0.0
646,0.0,0.0,0.0
647,0.0,0.0,0.0
648,0.0,0.0,0.0
649,0.0,0.0,0.0
650,0.0,0.0,0.0
651,0.0,0.0,0.0
652,0.0,0.0,0.0
653,0.0,0.0,0.0
654,0.0,0.0,0.0
655,0.0,0.0,0.0
656,0.0,0.0,0.0
657,0.0,0.0,0.0
658,0.0,0.0,0.0
659,0.0,0.0,0.0
660,0.0,0.0,0.0
661,0.0,0.0,0.0
